1
0
1
0
2
0
1
-1
0
0.1
1
0
0
0
0
0
0
0
0
0
20
20
4
0
0
1
4
1
0
0
0.000000
0.000000
0.000000
0.000000
0.000000
0.000000
0.000000
0.000000
0.000000
0.000000
0.000000
0.000000
0.000000
0.000000
0.000000
0.000000
0.000000
0.000000
0.000000
0.000000
0.148390
0.155469
0.817089
-0.128324
0.632110
0.812006
0.610439
-0.641238
-0.073637
-0.388481
-0.823529
-0.827137
-0.994339
0.706120
0.188208
-0.234169
0.726926
-0.590935
-0.383397
0.353113
0.123934
-0.866027
-0.841017
0.189706
-0.024092
-0.262910
-0.319250
0.725663
0.232380
-0.403940
0.579013
-0.264138
0.249429
0.080758
-0.065498
0.502777
-0.055717
-0.452188
-0.359477
-0.790733
-0.379554
0.842916
-0.331982
0.743392
-0.636271
0.986529
0.758067
0.242621
0.922153
0.273386
0.828077
0.690789
-0.148661
0.266386
-0.424555
-0.753072
-0.317117
0.065776
0.291293
0.559346
0.512956
0.842508
-0.437000
0.005363
-0.397487
0.550653
-0.512704
-0.529996
-0.101439
0.340810
-0.743465
0.051173
-0.660651
-0.286584
-0.935626
-0.530110
1.033491
-0.724124
-0.398916
-0.382216
-0.750769
-0.926195
0.346620
-0.088139
0.776804
-0.269673
-0.219122
-0.180078
0.304468
-0.536602
-0.113190
0.386428
-0.508841
0.017277
0.006352
0.975120
0.590693
-0.698830
0.386228
-0.176970
-0.694683
-0.088237
-0.062891
0.619742
-0.758583
-0.536086
0.898584
0.901868
0.429849
0.738637
0.172749
0.713080
-0.903144
-0.773374
0.858270
0.693943
0.485913
0.224445
-0.564086
0.501772
-0.773639
-0.244435
0.254723
0.455043
0.317427
0.950679
0.379497
0.070775
0.028803
0.734724
-0.828285
0.459093
-0.709436
-0.558462
-0.153775
-0.767889
-0.013550
-0.241403
0.102803
-0.022692
0.127412
-0.490596
-0.107708
0.813068
0.481127
-0.416463
-0.361262
0.184224
0.546328
-0.340367
0.907902
-0.021311
-0.678965
-0.853171
-0.148862
-0.711082
-0.801493
-0.465648
-0.747041
0.716405
-0.337184
0.477295
-0.609155
-0.062904
0.326446
-0.185460
-0.313103
0.442833
-0.347225
0.224742
0.985958
-0.389058
0.886712
0.120835
-0.574665
0.697806
-0.125152
-0.353864
-0.163321
-0.614523
-0.412784
0.847051
0.088501
0.274156
0.797289
0.521626
0.372120
0.897826
0.738210
-0.296375
0.260898
-0.003379
-0.530388
-0.092811
-0.680833
0.624359
1.015665
0.900958
0.301702
-0.482065
-0.446477
-0.177195
0.440327
1.004681
0.181843
0.917994
0.417020
0.449075
-0.461185
-0.199934
0.000187
0.279752
0.266771
-0.779521
-0.303544
0.580499
-0.597717
0.995622
0.548157
0.047980
0.535639
-0.885424
0.888857
0.533610
-0.655469
-0.423255
0.610683
0.326126
-0.956099
-0.705489
-0.588349
0.226412
0.148617
-0.661503
0.871244
0.569457
0.644307
0.065295
0.632443
0.229375
0.312206
-0.322547
-0.374005
0.377816
-0.733706
-0.535525
-0.661809
0.379063
-0.538019
-0.333619
-0.148686
-0.263217
-0.536927
-0.491126
0.111306
0.534282
-0.144876
-0.999411
-0.093369
-0.492706
-0.919700
0.013071
-0.575381
0.009297
-0.258332
-0.861488
-0.520095
0.427557
-0.064407
-0.467514
0.021575
-0.278834
-0.696962
0.011517
-0.368527
-0.613915
-0.469198
-0.822577
-0.497954
-0.997997
-0.909788
0.731450
-0.849590
0.279804
-0.349057
0.165243
0.251615
0.543853
-0.232518
0.065554
0.805951
0.023399
0.049421
0.215829
0.709666
-0.758250
-0.933727
-0.294389
0.421399
-0.610680
-0.655224
-0.278626
0.338646
-0.109657
0.169253
0.150947
-0.740361
-0.036775
0.189190
0.268553
-0.434051
0.631340
-0.020495
0.389264
0.281232
0.880160
-0.030120
0.461371
-0.673795
-0.437928
0.277947
-0.685652
-0.106486
0.790426
0.042347
0.384305
0.817869
0.341955
0.923227
0.485224
0.929759
-0.244777
0.208732
-0.084335
0.162994
0.329646
0.174881
-0.200821
-0.522736
-0.073847
-0.254145
0.233105
-0.544134
0.012463
0.133251
-0.413510
-0.231551
-0.793308
0.790881
0.236702
-1.044255
-0.852553
0.112562
-0.880768
-1.107012
-0.033936
0.313417
-0.542782
-0.610687
-0.550331
0.641371
0.528182
-0.390415
0.204225
-0.184814
0.267571
-0.695281
-0.554614
-0.685409
-0.166376
-0.389547
-0.395463
-0.130521
-0.593489
0.151948
0.387227
-0.224296
0.972061
-0.323836
-0.245092
-0.207216
0.456745
0.271841
0.271794
-0.148571
0.641814
0.659016
0.330528
-0.271281
-0.017625
0.644663
0.264610
-0.186934
-0.541567
-0.549908
-0.106938
-0.757982
0.262779
-0.676245
-0.677334
-0.104888
-0.484250
0.545177
-0.425516
-0.289800
-0.001267
0.105812
-0.077658
0.168088
0.470782
0.838906
-1.043363
-0.742653
0.212787
-0.419748
-0.399399
0.216926
-0.497047
0.621837
-0.562369
-0.931352
0.086081
-0.627883
0.858296
-0.191334
-0.200267
0.448569
0.366603
0.377686
0.062648
0.275241
-0.081113
0.283731
-0.430742
0.483390
0.568703
0.289879
-0.080757
-0.051321
0.044566
-0.583118
-0.268289
-0.670176
-0.089320
-0.228203
0.816903
0.791959
-0.616086
-0.290809
0.135460
-0.455239
0.153060
-0.934443
-0.464613
-0.290837
-0.574030
-0.303396
0.561370
-0.307286
-0.262622
0.594768
0.669161
-0.155158
-0.423876
-0.277489
0.389325
-0.321673
0.215683
0.046328
-0.503600
0.238043
0.374231
-0.322478
-0.681399
-0.598604
0.408522
-0.484954
-0.455300
0.327964
-0.379785
-0.532575
-0.483566
0.010192
0.140579
0.513734
0.326568
0.081506
0.454656
0.459753
0.279216
-0.204994
0.349727
0.244147
-0.579719
0.528720
-0.088047
0.270437
-0.151955
-0.472178
0.363935
0.158227
0.117485
-0.636767
0.465842
