1
0
1
0
2
0
1
-1
0
0.1
1
0
0
0
0
0
0
0
0
0
20
20
4
0
0
1
4
1
0
0
0.000000
0.000000
0.000000
0.000000
0.000000
0.000000
0.000000
0.000000
0.000000
0.000000
0.000000
0.000000
0.000000
0.000000
0.000000
0.000000
0.000000
0.000000
0.000000
0.000000
0.062913
0.052722
0.734149
-0.061125
0.387014
0.863981
0.337801
-0.399724
-0.026401
-0.344360
-0.521691
-0.606807
-1.076434
0.390393
0.083669
-0.130732
0.407485
-0.358690
-0.193999
0.190013
0.045259
-0.825268
-0.806383
0.284592
0.061511
-0.282513
-0.318760
0.671003
0.223477
-0.227659
0.556186
-0.179104
0.353521
0.033868
-0.044536
0.504899
-0.096345
-0.344355
-0.263361
-0.867859
-0.473348
0.887392
-0.467505
0.585813
-0.581510
1.055004
0.882359
0.270272
0.940185
0.225428
0.932261
0.551774
-0.208640
0.101158
-0.313865
-0.705157
-0.274213
-0.030307
0.364003
0.690862
0.561126
0.853460
-0.367056
0.188618
-0.426925
0.573890
-0.510691
-0.545571
-0.041056
0.354850
-0.694583
0.065669
-0.603512
-0.336124
-0.871958
-0.539940
1.047643
-0.741820
-0.378950
-0.380167
-0.751547
-0.912688
0.382916
-0.026248
0.776804
-0.269673
-0.219122
-0.180078
0.304468
-0.536602
-0.113190
0.386428
-0.508841
0.017277
0.006352
0.975120
0.590693
-0.698830
0.386228
-0.176970
-0.694683
-0.088237
-0.062891
0.619742
-0.714154
-0.497453
0.901047
0.897806
0.373432
0.884586
0.119842
0.702287
-0.838362
-0.756398
0.868712
0.686406
0.427510
0.288396
-0.541759
0.482901
-0.824270
-0.176437
0.173877
0.368055
0.284219
0.933051
0.360751
0.038933
0.057984
0.677121
-0.779649
0.463726
-0.714821
-0.537304
-0.148860
-0.765473
0.018735
-0.286090
0.090738
-0.018129
0.164969
-0.546243
-0.079473
0.820942
0.400858
-0.501303
-0.442631
0.185711
0.601960
-0.420252
0.900542
-0.001207
-0.652362
-0.786554
-0.186327
-0.750518
-0.759131
-0.472780
-0.817667
0.705772
-0.334386
0.383534
-0.553449
-0.029503
0.310517
-0.175327
-0.288185
0.435078
-0.328521
0.107275
1.029026
-0.372825
0.815290
0.099821
-0.575963
0.714349
-0.100943
-0.421752
-0.174619
-0.598824
-0.351488
0.819982
0.153167
0.335407
0.709514
0.592571
0.238497
0.907154
0.660972
0.066869
0.242546
-0.087326
-0.116415
0.005099
-0.557291
0.480067
0.884497
1.004913
0.103507
-0.388120
-0.529814
-0.266956
0.312841
0.975133
0.178020
0.969450
0.423802
0.458302
-0.463329
-0.189835
-0.076507
0.287548
0.205221
-0.760822
-0.331955
0.580319
-0.617827
1.005565
0.575533
-0.003116
0.519525
-0.783902
0.899349
0.513217
-0.769195
-0.542863
0.450093
0.314479
-0.888840
-0.693785
-0.563557
0.274771
0.343047
-0.590585
0.873345
0.463669
0.652873
0.099643
0.477785
0.227732
0.286456
-0.520510
-0.379519
0.420412
-0.708321
-0.503252
-0.600635
0.390781
-0.587778
-0.366851
-0.099184
-0.319813
-0.566026
-0.504663
0.134978
0.567457
-0.147288
-1.059049
-0.111648
-0.400515
-0.862107
0.000208
-0.541045
0.054938
-0.300367
-0.755486
-0.504592
0.437768
0.011434
-0.418775
0.053436
-0.272931
-0.645932
-0.116083
-0.263547
-0.638710
-0.466907
-0.816505
-0.449255
-1.023722
-0.941273
0.833078
-0.798589
0.408785
-0.238027
0.271008
0.426053
0.595801
-0.286804
0.032970
0.814771
-0.072385
-0.149088
0.096952
0.719913
-0.653678
-0.911861
-0.344264
0.548014
-0.539062
-0.621985
-0.123822
0.364192
-0.074211
0.265182
0.131025
-0.559764
0.051259
0.202686
-0.065799
-0.424150
0.573125
-0.444744
0.262481
0.179568
1.018391
0.099561
0.344722
-0.525038
-0.404624
0.364440
-0.603014
0.028875
0.912239
-0.006379
0.329149
0.768183
0.306356
0.904579
0.415075
0.948022
-0.223574
0.245664
0.027255
0.136594
0.313266
0.162514
-0.254708
-0.619386
-0.046466
-0.196923
0.134884
-0.500212
0.008548
0.162794
-0.438820
-0.242991
-0.770098
0.818335
0.298061
-1.079196
-0.804862
0.142554
-0.939647
-1.105518
-0.046982
0.307885
-0.454700
-0.554172
-0.616160
0.561087
0.568770
-0.440903
0.188677
-0.338191
0.405064
-0.760314
-0.608417
-0.669396
-0.027513
-0.250268
-0.482833
0.156837
-0.531251
0.349317
0.293077
-0.292222
0.839068
-0.495573
-0.098537
-0.101297
0.324178
0.310440
0.428948
-0.232174
0.458349
0.547334
0.324486
-0.154399
-0.200092
0.719675
0.332025
-0.157185
-0.518935
-0.581910
-0.151053
-0.670216
0.221934
-0.757856
-0.687670
-0.066842
-0.715694
0.602574
-0.317757
-0.269174
-0.114017
0.076319
-0.050897
0.129706
0.325911
0.761158
-0.999978
-0.863982
0.269405
-0.558605
-0.386753
0.244991
-0.442261
0.598961
-0.619429
-0.958118
0.075706
-0.593975
0.800929
0.023138
-0.304561
0.232127
-0.138289
0.314249
0.246713
0.105490
0.445669
0.311286
-0.353828
0.379489
0.297493
0.141816
0.224306
0.151891
-0.049327
-0.647584
-0.220140
-0.300161
-0.072057
-0.181365
0.625623
0.759711
-0.449904
-0.045385
-0.054550
-0.447531
0.102019
-0.787763
-0.593042
-0.225153
-0.289377
-0.277373
0.413013
-0.157577
-0.319459
0.693504
0.195252
0.102552
-0.068631
-0.095952
0.247453
-0.194036
0.192449
0.209131
-0.412100
0.204044
0.065832
-0.301475
-0.470950
-0.555403
0.016427
-0.508315
0.052957
0.227079
-0.453836
-0.352411
-0.480934
0.152673
0.031276
0.658441
0.304705
0.042388
0.145638
0.468772
0.067622
-0.246796
0.333124
-0.136569
-0.186866
0.535758
0.339881
0.180752
0.039036
-0.178699
0.411782
-0.022815
0.420034
-0.282461
0.396765
