1
0
1
0
2
0
1
-1
0
0.1
1
0
0
0
0
0
0
0
0
0
20
20
4
0
0
1
4
1
0
0
0.000000
0.000000
0.000000
0.000000
0.000000
0.000000
0.000000
0.000000
0.000000
0.000000
0.000000
0.000000
0.000000
0.000000
0.000000
0.000000
0.000000
0.000000
0.000000
0.000000
0.062649
0.049024
0.724262
-0.055674
0.371171
0.868535
0.326171
-0.392121
-0.025894
-0.341691
-0.513279
-0.587856
-1.080650
0.379674
0.080615
-0.129394
0.393669
-0.345854
-0.186707
0.176104
0.048311
-0.822582
-0.793346
0.280895
0.067447
-0.281595
-0.312988
0.672525
0.213664
-0.229939
0.553905
-0.186002
0.344807
0.045179
-0.049871
0.511530
-0.097515
-0.350457
-0.264998
-0.858656
-0.469124
0.886020
-0.467827
0.577025
-0.584619
1.054895
0.878246
0.270718
0.942562
0.226320
0.933850
0.548255
-0.204203
0.099531
-0.311736
-0.708926
-0.273208
-0.028476
0.361256
0.691180
0.560163
0.851073
-0.366541
0.192745
-0.423551
0.578844
-0.505926
-0.540168
-0.056911
0.357107
-0.699241
0.049497
-0.608892
-0.319206
-0.876167
-0.535628
1.043153
-0.748758
-0.387700
-0.364164
-0.745156
-0.915922
0.382761
-0.031934
0.776804
-0.269673
-0.219122
-0.180078
0.304468
-0.536602
-0.113190
0.386428
-0.508841
0.017277
0.006352
0.975120
0.590693
-0.698830
0.386228
-0.176970
-0.694683
-0.088237
-0.062891
0.619742
-0.717721
-0.495954
0.898697
0.897598
0.372195
0.879692
0.124378
0.697833
-0.837394
-0.752862
0.870418
0.684692
0.429006
0.282845
-0.547842
0.488041
-0.818585
-0.183911
0.177670
0.372802
0.288450
0.930536
0.364203
0.035791
0.058978
0.670685
-0.777640
0.464416
-0.722034
-0.537639
-0.151563
-0.760606
0.021512
-0.287997
0.096031
-0.018646
0.164368
-0.544841
-0.078450
0.815663
0.400978
-0.495479
-0.440315
0.190547
0.587423
-0.420828
0.899522
-0.018499
-0.655890
-0.769869
-0.188493
-0.748317
-0.762188
-0.482018
-0.829571
0.723131
-0.325480
0.376128
-0.550920
-0.030504
0.310064
-0.177981
-0.289770
0.433676
-0.327230
0.102765
1.032335
-0.366191
0.815636
0.101384
-0.576444
0.714252
-0.098760
-0.425662
-0.176421
-0.599408
-0.346906
0.812965
0.153551
0.334915
0.708254
0.594474
0.236984
0.911352
0.656170
0.074489
0.238514
-0.094647
-0.111618
0.009129
-0.556991
0.477676
0.880847
1.007985
0.098239
-0.383734
-0.531457
-0.267300
0.310295
0.975812
0.174080
0.970779
0.421628
0.456364
-0.463178
-0.198775
-0.069387
0.284911
0.204334
-0.757860
-0.330060
0.579406
-0.614190
0.996033
0.569932
0.001867
0.528349
-0.792943
0.904422
0.518710
-0.768762
-0.540640
0.450939
0.317382
-0.894888
-0.690807
-0.566048
0.267426
0.342937
-0.584623
0.872378
0.464087
0.650480
0.098711
0.473573
0.233812
0.287553
-0.521477
-0.379989
0.419387
-0.705266
-0.503785
-0.598595
0.392583
-0.588215
-0.359347
-0.105458
-0.313517
-0.565338
-0.506596
0.133434
0.568101
-0.150660
-1.052806
-0.107370
-0.405484
-0.867146
0.007160
-0.545126
0.050621
-0.307229
-0.756049
-0.510334
0.434285
0.019666
-0.425988
0.061693
-0.267870
-0.641249
-0.122455
-0.258431
-0.643618
-0.462611
-0.819303
-0.451311
-1.027527
-0.937965
0.826372
-0.793583
0.418826
-0.238560
0.273315
0.426820
0.596406
-0.287953
0.033570
0.814171
-0.075671
-0.150065
0.097632
0.720235
-0.653567
-0.912379
-0.345752
0.547321
-0.537314
-0.620960
-0.122084
0.365293
-0.072708
0.263210
0.131943
-0.561040
0.051135
0.202690
-0.067393
-0.422466
0.571700
-0.443890
0.263049
0.180751
1.017238
0.100258
0.342582
-0.527377
-0.403141
0.366660
-0.605718
0.030560
0.915001
0.000001
0.331302
0.775674
0.307283
0.900544
0.419145
0.940883
-0.218033
0.238194
0.027707
0.133170
0.318579
0.159078
-0.252887
-0.611872
-0.049387
-0.199373
0.146096
-0.501995
0.000998
0.153524
-0.442525
-0.253007
-0.774245
0.829489
0.289119
-1.067508
-0.797120
0.151875
-0.946524
-1.099380
-0.054704
0.313895
-0.457223
-0.559374
-0.620748
0.565258
0.554928
-0.436380
0.200673
-0.336857
0.409971
-0.756355
-0.606131
-0.672983
-0.021935
-0.255443
-0.487460
0.154124
-0.531082
0.348929
0.294333
-0.295569
0.840328
-0.493768
-0.097226
-0.103095
0.333082
0.310225
0.428667
-0.233466
0.454776
0.544659
0.321766
-0.147845
-0.202920
0.722667
0.339627
-0.154848
-0.524771
-0.580631
-0.152612
-0.667466
0.223576
-0.755198
-0.693716
-0.068223
-0.717554
0.602592
-0.316230
-0.271915
-0.112336
0.075231
-0.051992
0.131170
0.322456
0.763906
-0.994051
-0.863431
0.268287
-0.556173
-0.388311
0.245425
-0.445025
0.598116
-0.621293
-0.954479
0.073448
-0.590359
0.805409
0.031794
-0.312287
0.217910
-0.144363
0.316136
0.234627
0.121769
0.444446
0.303505
-0.354851
0.379166
0.297723
0.159523
0.223310
0.144571
-0.057094
-0.633097
-0.210623
-0.310242
-0.075386
-0.176865
0.622742
0.761094
-0.450334
-0.042958
-0.059580
-0.415305
0.103797
-0.754751
-0.595770
-0.226742
-0.295207
-0.290890
0.403461
-0.139721
-0.321654
0.655418
0.188130
0.127925
-0.063585
-0.101207
0.241709
-0.157914
0.202149
0.208494
-0.410887
0.203518
0.064191
-0.297267
-0.469711
-0.555937
0.013064
-0.513443
0.064693
0.232191
-0.442215
-0.362178
-0.477635
0.159519
0.036923
0.660795
0.310002
0.063643
0.138043
0.430264
0.062004
-0.258559
0.336773
-0.145924
-0.181309
0.508972
0.343323
0.181828
0.037740
-0.181194
0.405923
-0.001846
0.423048
-0.298256
0.394350
