1
0
1
0
2
0
1
-1
0
0.1
1
0
0
0
0
0
0
0
0
0
20
20
4
0
0
1
4
1
0
0
0.000000
0.000000
0.000000
0.000000
0.000000
0.000000
0.000000
0.000000
0.000000
0.000000
0.000000
0.000000
0.000000
0.000000
0.000000
0.000000
0.000000
0.000000
0.000000
0.000000
0.066702
0.046454
0.709451
-0.058577
0.399679
0.811848
0.339536
-0.252414
-0.030221
-0.334133
-0.501250
-0.525410
-1.128072
0.361154
0.089459
-0.139604
0.416542
-0.387455
-0.167043
0.134938
0.068984
-0.865567
-0.820272
0.269438
0.066945
-0.270726
-0.304781
0.683312
0.184076
-0.247296
0.559406
-0.213808
0.329793
0.083534
-0.056149
0.523254
-0.099705
-0.380443
-0.294992
-0.816210
-0.441036
0.866951
-0.461313
0.567616
-0.566094
0.978597
0.843677
0.280095
0.954320
0.243380
0.930090
0.643620
-0.137180
0.111662
-0.340014
-0.715037
-0.267261
0.042850
0.351230
0.686652
0.534588
0.792786
-0.432290
0.088287
-0.408280
0.576902
-0.494034
-0.532998
-0.066798
0.380264
-0.717359
0.053364
-0.615247
-0.313384
-0.890718
-0.523857
1.034351
-0.731812
-0.376017
-0.364097
-0.763300
-0.894392
0.360717
-0.061956
0.776804
-0.269673
-0.219122
-0.180078
0.304468
-0.536602
-0.113190
0.386428
-0.508841
0.017277
0.006352
0.975120
0.590693
-0.698830
0.386228
-0.176970
-0.694683
-0.088237
-0.062891
0.619742
-0.725944
-0.477799
0.903453
0.907095
0.352678
0.870754
0.130766
0.656792
-0.849082
-0.727656
0.873436
0.685056
0.425697
0.254000
-0.569856
0.518019
-0.796870
-0.195699
0.192330
0.393634
0.287211
0.928142
0.364652
0.027236
0.060614
0.649506
-0.768935
0.473903
-0.728891
-0.539616
-0.149714
-0.752927
0.028143
-0.298614
0.089442
-0.017032
0.173987
-0.547376
-0.072186
0.807827
0.412031
-0.489248
-0.428270
0.196907
0.578794
-0.397155
0.883736
-0.035562
-0.666665
-0.765581
-0.197419
-0.742038
-0.770814
-0.474258
-0.816981
0.722532
-0.340707
0.395445
-0.561993
-0.034160
0.314160
-0.188396
-0.295212
0.436297
-0.320530
0.118415
1.024914
-0.344151
0.831119
0.094314
-0.580187
0.708693
-0.101277
-0.403109
-0.166323
-0.610760
-0.360303
0.814594
0.139988
0.320837
0.708721
0.588114
0.236370
0.904806
0.655291
0.051559
0.245554
-0.069188
-0.113503
0.010041
-0.557526
0.487269
0.886773
1.001830
0.088920
-0.379293
-0.518961
-0.272824
0.312467
0.952718
0.167913
1.000507
0.427216
0.486160
-0.481373
-0.137660
-0.089059
0.200307
0.204253
-0.732824
-0.332184
0.560402
-0.635856
0.996977
0.564408
0.020398
0.508578
-0.780803
0.892134
0.567772
-0.760670
-0.523440
0.465899
0.339685
-0.921810
-0.654496
-0.585086
0.215881
0.330726
-0.555268
0.859450
0.467636
0.633375
0.097523
0.471192
0.257902
0.277338
-0.509319
-0.394298
0.423673
-0.695294
-0.539984
-0.608221
0.371840
-0.569475
-0.395745
-0.096706
-0.219057
-0.549374
-0.530989
0.129734
0.580158
-0.135651
-1.031156
-0.094972
-0.428463
-0.862346
-0.002665
-0.550131
-0.010598
-0.306651
-0.765100
-0.515082
0.431658
0.024578
-0.432987
0.065413
-0.249447
-0.634763
-0.125023
-0.259414
-0.643604
-0.458958
-0.814427
-0.451766
-1.030187
-0.936493
0.818045
-0.796107
0.407684
-0.236927
0.216951
0.394772
0.583931
-0.256783
0.000683
0.836097
0.024919
-0.105727
0.083520
0.713478
-0.661065
-0.889097
-0.313962
0.544181
-0.553384
-0.614585
-0.179739
0.346791
-0.129596
0.265044
0.133647
-0.559342
0.060311
0.196106
-0.050470
-0.429950
0.561557
-0.440865
0.270987
0.175756
1.015793
0.093703
0.349399
-0.527581
-0.397746
0.359096
-0.602059
0.020212
0.911397
0.012625
0.358487
0.807193
0.299138
0.880140
0.413427
0.924812
-0.236011
0.195934
0.022912
0.133720
0.346118
0.149308
-0.271991
-0.595645
-0.050397
-0.197765
0.201050
-0.485012
-0.002976
0.144498
-0.442242
-0.261576
-0.761778
0.822514
0.293605
-1.063005
-0.807522
0.165967
-0.930193
-1.098898
-0.064842
0.310755
-0.459697
-0.576483
-0.603658
0.572878
0.535633
-0.439504
0.204854
-0.288986
0.322275
-0.753294
-0.673354
-0.620064
-0.129146
-0.232168
-0.276377
0.138999
-0.595203
0.326781
0.349264
-0.244640
0.867754
-0.432750
-0.164902
-0.092315
0.320574
0.306561
0.289030
-0.235598
0.469054
0.551116
0.324967
-0.155016
-0.198531
0.720552
0.309416
-0.166277
-0.519235
-0.577792
-0.152883
-0.671480
0.211117
-0.756648
-0.687125
-0.065472
-0.711784
0.611403
-0.293892
-0.306238
0.011959
0.110597
0.012620
0.046489
0.426347
0.722065
-1.244914
-0.900609
0.339605
-0.535554
-0.412139
0.181043
-0.501960
0.548459
-0.542171
-0.958903
0.142678
-0.566891
0.947296
-0.024024
-0.244081
0.231403
0.012109
0.304961
0.123499
0.097137
0.243232
0.340702
-0.240997
0.414766
0.322590
0.248217
0.311693
0.138501
-0.106484
-0.544764
-0.145866
-0.287939
-0.114417
-0.149670
0.623012
0.749441
-0.415204
-0.020647
0.014643
-0.330593
0.077587
-0.701283
-0.673553
-0.331569
-0.519745
-0.328726
0.273901
-0.243139
-0.413980
0.588208
0.314788
0.160073
0.026669
-0.086433
0.081626
-0.298092
0.129454
0.221697
-0.425587
0.227176
0.153543
-0.295049
-0.393797
-0.474773
0.085410
-0.512040
-0.050008
0.144372
-0.452856
-0.385261
-0.236778
0.210639
0.031868
0.587983
0.293693
0.085088
0.082537
0.372190
0.047099
-0.311106
0.231324
-0.085978
-0.322522
0.361872
0.111689
0.113339
-0.022816
-0.265074
0.373711
0.094347
0.514699
-0.187240
0.440071
