1
0
1
0
2
0
1
-1
0
0.1
1
0
0
0
0
0
0
0
0
0
20
20
1
0
0
1
4
4
0
0
0.000000
0.000000
0.000000
0.000000
0.000000
0.000000
0.000000
0.000000
0.000000
0.000000
0.000000
0.000000
0.000000
0.000000
0.000000
0.000000
0.000000
0.000000
0.000000
0.000000
-0.029254
0.012995
0.000673
0.030061
-0.040782
-0.021950
-0.000934
-0.033036
0.002107
-0.020686
0.035754
0.003503
0.027841
-0.009547
-0.012249
0.021021
-0.035997
0.032416
-0.002184
0.012366
0.001242
-0.257669
-0.530003
-0.046704
0.992028
0.271877
-0.578786
-0.083021
0.719641
-0.041204
0.591183
0.289178
0.930315
0.509035
-0.901003
0.470869
-0.500141
-0.236671
0.127091
-0.342004
0.712853
-6.520197
2.431384
0.459238
5.890573
-8.855096
-4.482794
-0.635601
-6.977297
1.077346
-4.848466
0.892785
5.771323
-2.036251
-2.703743
4.818240
-7.353336
7.703192
-0.860752
2.768905
0.305649
-0.569528
0.711816
-0.404053
0.011789
0.366004
-0.161288
0.828365
0.165698
-0.980856
0.540329
-0.675809
0.476005
0.884224
0.368914
-0.420056
0.494140
-0.841416
0.032047
0.498276
0.107363
-0.001666
-0.995248
0.300381
-0.278310
0.171490
0.773990
0.240022
-0.231995
0.547922
-0.598080
-0.784050
0.366149
0.816711
0.563935
-0.744964
-0.600014
0.644732
-0.667804
0.907046
-0.936829
-0.077648
-0.800721
-0.804673
-0.760310
-0.606001
0.207520
-0.391013
0.771705
0.512814
0.981148
0.205949
0.280409
1.020151
0.144838
0.111597
0.542525
-0.092765
-0.282499
0.071654
0.265262
-1.597931
-0.199051
0.504248
1.822267
-2.119169
-0.352828
0.597774
-0.151155
0.321826
-1.455948
0.498223
1.205571
-0.628388
0.061744
0.648119
-1.050270
1.673951
-0.003759
0.325631
-0.321882
0.709307
0.258264
0.927515
0.557527
0.696915
0.159191
-0.762450
-0.252218
-0.180212
-0.357974
0.015520
-0.495199
-0.584805
0.661168
0.383809
0.987018
0.769653
0.491404
0.101773
0.760974
1.040865
-0.635867
0.544495
-2.353550
2.481808
2.116957
-0.551900
2.083697
-0.466859
1.270809
0.292538
-1.963164
-0.301984
-0.317223
-0.669175
1.278561
-2.430577
0.767626
0.244868
-0.725151
-0.672878
0.788908
-0.215765
-1.108037
1.354528
-0.745979
0.474454
0.477294
0.025712
1.031266
-0.158166
0.434027
0.526892
-0.104799
-0.329758
-0.257248
-0.000243
0.021648
0.619130
0.114033
-0.574322
0.267549
-0.657045
0.553830
-0.116149
-0.175796
-0.307124
0.091619
0.550620
-0.327242
-0.512555
0.207492
-1.157883
-0.107432
0.049240
-1.034169
1.231255
0.060123
0.287462
0.025018
0.519071
-0.761183
0.844157
0.020897
-0.344264
-0.320450
-0.527787
-0.564203
0.883999
0.234605
-0.176854
0.322459
0.157935
-0.250116
0.264985
0.193858
0.164640
-0.011374
-0.997842
0.753947
4.461094
-1.498287
0.756576
-4.679783
6.254192
1.935540
0.011647
3.846934
-0.270217
2.755470
0.384044
-3.507840
1.759032
2.114657
-3.036774
5.675159
-5.208637
-0.658463
-1.323585
0.103781
0.051052
-0.387263
0.845686
-0.731224
0.823723
-0.822654
-0.408175
-0.308430
0.767474
0.810081
0.047445
0.416928
1.033311
-0.667623
-0.835445
1.151527
0.075608
-0.457269
-0.308991
0.314106
-0.783085
-0.674968
0.660798
0.412017
-0.674762
-0.109585
-0.328956
-1.279912
-0.280044
0.312712
-0.290059
0.174092
0.651086
0.403492
0.479299
-1.284828
1.430037
0.572751
-0.197874
-0.303485
0.478536
-0.563467
-0.391715
0.347500
0.314845
-0.233126
-0.770775
-0.781108
-0.064252
0.684128
-0.052840
0.679509
-0.056234
-0.299708
-0.448773
0.901058
-0.243491
0.141488
0.146534
-0.006523
5.280762
-3.008274
1.444737
-6.320651
9.373495
4.562359
0.575573
7.301127
0.136533
4.192357
0.533200
-6.194077
0.896915
2.761691
-4.124733
8.169843
-7.565472
0.072307
-2.697742
-1.170927
1.206088
-0.976508
-0.122455
-0.721932
-0.197171
-0.087670
-0.126471
-0.352291
0.752024
-0.711580
-0.539764
0.050165
-0.424721
0.378402
0.735098
0.417630
0.624128
0.239912
0.830222
-0.913884
-0.253333
-0.467178
0.645291
1.226522
-0.195522
-0.408260
0.064370
-0.245641
0.910198
0.499240
0.560243
-0.300290
0.001174
-0.349492
-0.461710
-0.294841
0.582982
0.381656
-0.070526
-0.623894
-0.753757
0.350925
-0.988080
-0.281945
-0.205912
1.050255
0.209741
0.655894
-0.841500
-0.770995
0.611139
-0.291731
0.121880
-0.325424
-0.644852
-0.412013
-0.136491
-0.571417
-0.903559
0.543213
8.117409
-4.062195
0.032682
-8.942268
11.501627
6.665991
-0.325149
9.131697
0.233234
5.296448
-0.968008
-8.278008
2.544963
3.207529
-5.633456
10.089914
-8.060996
0.395746
-3.425637
-0.509750
-1.223768
0.543682
-0.006097
1.261371
-1.755438
-0.909887
-0.051263
-1.363832
0.078799
-0.871401
0.123581
1.171914
-0.371801
-0.527515
0.887076
-1.510881
1.384993
-0.089870
0.517738
0.084986
